9
[(0,0),(1,0)] add 3
[(0,1),(0,2)] div 3
[(0,3),(0,4)] mult 42
[(0,5),(0,6)] sub 3
[(0,7),(1,7)] sub 8
[(0,8),(1,8)] div 2
[(1,1),(2,1)] div 4
[(1,2),(2,2),(3,2)] mult 30
[(1,3),(2,3),(3,3)] add 14
[(1,4),(2,4)] sub 3
[(1,5),(1,6)] sub 5
[(2,0),(3,0)] sub 4
[(2,5),(2,6)] add 17
[(2,7),(2,8),(3,7)] mult 28
[(3,1),(4,1)] add 13
[(3,4),(4,4)] sub 3
[(3,5),(3,6)] sub 1
[(3,8),(4,7),(4,8)] add 15
[(4,0),(5,0),(5,1)] add 17
[(4,2)] '' 3
[(4,3),(5,3)] sub 8
[(4,5),(5,5)] div 2
[(4,6),(5,6)] mult 54
[(5,2),(6,2)] mult 56
[(5,4)] '' 8
[(5,7),(6,6),(6,7)] add 10
[(5,8),(6,8)] mult 35
[(6,0),(6,1)] div 3
[(6,3),(6,4),(6,5)] mult 40
[(7,0),(7,1)] add 15
[(7,2),(7,3),(8,3)] add 15
[(7,4),(7,5),(7,6)] add 10
[(7,7)] '' 4
[(7,8),(8,8)] div 3
[(8,0),(8,1),(8,2)] mult 48
[(8,4),(8,5)] sub 8
[(8,6),(8,7)] add 12
